[107.774229, -34.435952, 347.568846]
[110.349034, -35.445082, 349.735721]
[108.561377, -37.431729, 350.073622]
[110.755220, -35.461480, 349.739375]
[109.807533, -34.725830, 351.942812]
[110.950127, -35.553890, 348.957812]
[110.968302, -34.069490, 352.025118]
[109.957834, -36.548235, 349.213080]
[110.898450, -34.398399, 349.821395]
[108.727908, -35.563723, 350.744028]
[109.987885, -34.897823, 349.273449]
[109.057237, -33.957047, 350.957984]
[140.000000, -20.000000, 610.000000]
[90.000000, -10.000000, 590.000000]
[165.000000, -45.000000, 630.000000]