    [0.957, -0.404, 0.514],
    [1.083, -0.541, 0.442],
    [1.091, 0.678, 0.402],
    [1.067, 0.069, -0.037],
    [1.044, -0.592, -0.130],
    [1.103, -0.245, -0.052],
    [1.012, -0.307, 0.502],
    [0.819, 0.475, -0.274],
    [0.990, -0.596, 0.434],
    [1.074, -0.228, 0.196],

    [1.108, -0.676, -0.186],
    [0.972, -0.563, 0.487],
    [1.018, -0.685, 0.481],
    [0.959, -0.377, 0.540],
    [1.066, -0.623, 0.066],
    [1.103, -0.359, -0.101],
    [1.074, -0.746, 0.044],
    [1.040, -0.099, 0.225],
    [1.008, -0.532, 0.466],
    [1.176, 0.782, 0.491],

    [1.049, -0.444, -0.212],
    [1.078, -0.004, 0.228],
    [1.015, -0.436, 0.485],
    [1.142, -0.790, -0.162],
    [1.040, -0.534, -0.094],
    [1.170, -0.901, 0.082],
    [1.039, -0.565, -0.078],
    [1.089, -0.160, 0.232],
    [1.016, -0.326, 0.543],
    [0.986, -0.467, 0.596],

    [1.173, -0.643, 0.351],
    [1.219, 0.729, 0.370],
    [1.053, -0.135, 0.277],
    [1.072, -0.671, 0.022],
    [1.106, -0.649, -0.172],
    [1.306, 0.761, 0.303],
    [0.984, -0.560, 0.536],
    [1.100, -0.784, 0.017],
    [1.328, 0.886, 0.267],
    [1.210, -0.549, 0.307 ],

    [1.072, -0.800, 0.036],
    [0.961, -0.452, 0.447],
    [1.074, -0.228, -0.012],
    [1.212, 0.784, 0.390],
    [1.013, 0.296, 0.044],
    [1.264, 0.895, 0.459],
    [0.996, -0.559, 0.468],
    [1.091, -0.429, 0.090],
    [1.230, 0.736, 0.418],
    [1.043, -0.210, -0.288],

    [1.173, 0.886, 0.511],
    [1.153, -0.328, -0.129],
    [1.087, -0.764, 0.090],
    [1.057, -0.100, -0.185],
    [1.064, -0.611, 0.014],
    [1.204, -0.884, 0.348],
    [0.912, -0.206, 0.446],
    [1.235, 0.821, 0.426],
    [0.782, 0.456, 0.038],
    [1.219, 0.842, 0.483],

    [1.127, -0.754, -0.157],
    [1.083, -0.247, 0.056],
    [1.089, -0.527, 0.456],
    [1.166, -0.228, 0.516],
    [1.026, -0.509, 0.461],
    [0.932, -0.182, 0.532],
    [1.030, 0.095, 0.390],
    [1.214, 0.876, 0.497],
    [1.168, -0.794, 0.392],
    [1.034, -0.525, -0.038],

    [1.207, -0.923, 0.287],
    [1.050, -0.500, 0.520],
    [1.192, -0.693, 0.360],
    [1.209, -0.298, -0.513],
    [1.206, -0.885, 0.286],
    [1.071, -0.132, 0.181],
    [1.204, -0.232, -0.385],
    [1.043, 0.047, 0.590],
    [1.013, -0.555, 0.526],
    [1.366, 0.838, 0.257],

    [1.126, -0.733, -0.204],
    [1.061, -0.087, -0.142],
    [1.169, -0.719, 0.341],
    [1.161, -0.711, 0.321],
    [1.070, -0.263, 0.092],
    [1.333, 0.862, 0.257],
    [1.174, -0.786, 0.421],
    [0.974, -0.428, 0.556],
    [1.045, -0.039, 0.283],
 