    [0.496, 0.115, 0.179],
    [0.579, -0.116, 0.345],
    [0.601, -0.140, 0.322],
    [0.656, -0.326, 0.183],
    [0.662, 0.356, -0.004],
    [0.612, 0.025, 0.245],
    [0.633, 0.258, -0.020],
    [0.734, 0.249, -0.283],
    [0.573, -0.112, 0.161],
    [0.764, -0.239, -0.208],

    [0.611, 0.236, -0.196],
    [0.767, 0.039, -0.338],
    [0.565, -0.077, 0.239],
    [0.632, -0.099, 0.213],
    [0.696, 0.143, -0.055],
    [0.633, -0.253, 0.151],
    [0.619, 0.003, 0.287],
    [0.839, -0.416, 0.106],
    [0.562, -0.053, 0.262],
    [0.623, 0.213, 0.031],

    [0.828, -0.257, 0.077],
    [0.632, -0.222, 0.146],
    [0.602, 0.340, 0.212],
    [0.630, 0.453, -0.075],
    [0.802, -0.564, 0.110],
    [0.748, -0.134, -0.360],
    [0.848, -0.552, -0.081],
    [0.712, -0.189, 0.168],
    [0.795, -0.358, -0.237],
    [0.631, -0.191, 0.183],

    [0.595, 0.292, 0.316],
    [0.581, 0.339, 0.313],
    [0.591, 0.308, 0.260],
    [0.744, 0.168, -0.342],
    [0.691, 0.211, -0.011],
    [0.598, 0.364, 0.123],
    [0.762, -0.188, -0.394],
    [0.704, 0.230, -0.224],
    [0.778, -0.277, -0.254],
    [0.802, -0.405, -0.249],

    [0.678, 0.233, -0.055],
    [0.556, 0.394, 0.114],
    [0.610, 0.395, 0.141],
    [0.693, 0.149, -0.143],
    [0.749, -0.167, -0.343],
    [0.882, -0.484, -0.196],
    [0.752, -0.044, -0.159],
    [0.647, 0.443, 0.052],
    [0.751, 0.151, -0.286],
    [0.867, -0.166, 0.045],

    [0.733, 0.193, -0.273],
    [0.813, -0.580, 0.235],
    [0.611, 0.380, 0.099],
    [0.850, -0.130, -0.014],
    [0.600, -0.221, 0.194],
    [0.690, 0.180, -0.144],
    [0.832, -0.116, 0.037],
    [0.878, -0.336, -0.422],
    [0.643, 0.236, 0.068],
    [0.586, 0.059, 0.242],

    [0.873, -0.499, -0.048],
    [0.602, -0.110, 0.285],
    [0.601, -0.223, 0.243],
    [0.894, -0.372, -0.427],
    [0.800, -0.379, -0.182],
    [0.470, 0.136, 0.282],
    [0.834, -0.565, -0.037],
    [0.832, -0.617, -0.017],
    [0.631, 0.278, 0.019],
    [0.843, -0.268, -0.444],

    [0.663, 0.431, 0.022],
    [0.850, -0.408, 0.150],
    [0.831, -0.331, 0.032],
    [0.639, 0.387, 0.066],
    [0.741, -0.093, -0.277],
    [0.830, -0.341, 0.064],
    [0.859, -0.542, -0.027],
    [0.887, -0.451, -0.042],
    [0.667, -0.172, 0.194],
    [0.684, 0.208, -0.156],

    [0.732, 0.123, -0.105],
    [0.707, 0.119, -0.149],
    [0.938, -0.543, -0.428],
    [0.845, -0.297, 0.035],
    [0.833, -0.440, 0.131],
    [0.583, 0.087, 0.252],
    [0.581, 0.349, -0.320],
    [0.825, 0.087, -0.359],
    [0.576, 0.075, 0.321],
    [0.756, 0.027, 0.255],

    [0.832, -0.241, -0.421],
    [0.872, -0.526, -0.047],
    [0.769, -0.222, -0.257],
    [0.611, 0.356, 0.150],
