    [0.621, -0.341, 0.359],
    [0.748, 0.292, -0.115],
    [0.679, 0.176, -0.097],
    [0.654, -0.252, 0.336],
    [0.632, -0.312, 0.310],
    [0.792, -0.188, 0.095],
    [0.661, -0.187, 0.306],
    [0.703, -0.037, -0.057],
    [0.718, -0.530, 0.345],
    [0.664, -0.213, 0.345],

    [0.785, -0.156, 0.082],
    [0.658, -0.215, 0.310],
    [0.651, 0.361, 0.268],
    [0.720, 0.251, -0.006],
    [0.659, -0.244, 0.298],
    [0.655, 0.030, -0.183],
    [0.814, -0.109, -0.045],
    [0.750, 0.155, -0.263],
    [0.681, -0.480, 0.413],
    [0.725, 0.268, 0.030],

    [0.718, -0.004, -0.135],
    [0.652, 0.196, 0.032],
    [0.677, -0.181, 0.352],
    [0.705,-0.174, 0.267],
    [0.622, 0.137, 0.034],
    [0.708, 0.159, -0.186],
    [0.746, 0.222, -0.055],
    [0.759, -0.129, 0.280],
    [0.657, -0.320, -0.010],
    [0.679, -0.462, 0.378],

    [0.666, -0.377, 0.131],
    [0.683, -0.404, 0.168],
    [0.704, -0.188, -0.266],
    [0.670, -0.383, 0.095],
    [0.784, -0.115, -0.002],
    [0.704, -0.448, 0.104],
    [0.681, -0.278, 0.164],
    [0.672, -0.309, 0.073],
    [0.700, -0.148, 0.267],
    [0.684, -0.354, 0.095],

    [0.778, 0.345, -0.097],
    [0.690, 0.118, 0.052],
    [0.648, 0.328, 0.279],
    [0.748, -0.218, -0.167],
    [0.681, -0.311, 0.162],
    [0.849, 0.519, 0.146],
    [0.720, 0.143, -0.169],
    [0.672,-0.312, 0.014],
    [0.938, -0.392, -0.219],
    [0.735, 0.164, -0.393],

    [0.670, -0.411, 0.125],
    [0.734, 0.218, -0.377],
    [0.679, -0.211, -0.271],
    [0.768, 0.001, -0.342],
    [0.764, -0.029, -0.350],
    [0.733, 0.247, 0.053],
    [0.666, 0.062, -0.196],
    [0.961, -0.391, -0.306],
    [0.635, 0.313, 0.234],
    [0.877, 0.507, 0.032],

    [0.726, -0.141, -0.375],
    [0.746, -0.103, -0.376],
    [0.813, 0.022, -0.377],
    [0.724, -0.171, -0.370],
    [0.950, -0.416, -0.261],
    [0.686, 0.071, -0.166],
    [0.667, 0.175, 0.035],
    [0.704, 0.291, 0.091],