    [0.618, -0.119, 0.319],
    [0.599, -0.318, 0.190],
    [0.609, -0.087, 0.344],
    [0.573, -0.023, 0.337],
    [0.827, 0.097, -0.368],
    [0.851, 0.441, -0.230],
    [0.593, -0.088, 0.154],
    [0.681, 0.012, 0.277],
    [0.665, -0.092, 0.212],
    [0.593, 0.008, 0.355],

    [0.696, -0.454, -0.242],
    [0.677, -0.134, 0.232],
    [0.697, -0.405, -0.228],
    [0.703, -0.418, -0.187],
    [0.586, -0.199, 0.191],
    [0.605, -0.049, 0.232],
    [0.770, 0.233, -0.050],
    [0.709, -0.326, -0.251],
    [0.775, -0.310, 0.074],
    [0.748, -0.558, -0.187],

    [0.736, -0.173, -0.203],
    [0.748, -0.452, 0.156],
    [0.856, 0.393, -0.018],
    [0.831, 0.322, -0.039],
    [0.686, 0.031, 0.235],
    [0.685, -0.205, 0.164],
    [0.733, -0.462, 0.117],
    [0.612, -0.215, 0.147],
    [0.602, 0.154, 0.162],
    [0.762, -0.557, 0.083],

    [0.611, -0.102, 0.370],
    [0.777, 0.356, 0.094],
    [0.746, 0.397, 0.081],
    [0.612, -0.089, 0.276],
    [0.834, 0.079, -0.314],
    [0.604, -0.246, 0.152],
    [0.601, -0.237, 0.216],
    [0.602, -0.029, 0.256],
    [0.811, -0.442, 0.402],
    [0.850, 0.412, 0.013],

    [0.705, -0.446, -0.173],
    [0.886, 0.519, 0.018],
    [0.809, 0.172, -0.042],
    [0.718, -0.292, -0.208],
    [0.780, 0.105, -0.165],
    [0.781, 0.336, 0.182],
    [0.775, 0.257, -0.012],
    [0.712, -0.196, -0.304],
    [0.717, -0.221, -0.348],
    [0.847, 0.445, 0.004],

    [0.809, -0.456, 0.438],
    [0.762, -0.395, 0.071],
    [0.748, 0.400, 0.114],
    [0.841, -0.204, -0.027],
    [0.579, 0.187, 0.270],
    [0.809, 0.110, -0.284],
    [0.781, -0.329, -0.429],
    [0.813, -0.011, 0.237],
    [0.687, -0.166, 0.223],
    [0.823, 0.361, 0.032],

    [0.763, 0.310, 0.231],
    [0.800, -0.367, 0.079],
    [0.848, 0.611, -0.222],
    [0.754, -0.379, 0.037],
    [0.832, -0.176, -0.009],
    [0.668, 0.072, 0.229],
    [0.798, 0.364, 0.062],
    [0.832, -0.183, 0.026],
    [0.781, 0.101, -0.078],
    [0.777, -0.520, 0.018],

    [0.776, 0.275, 0.038],
    [0.736, -0.479, 0.154],
    [0.786, -0.432, -0.417],
    [0.715, -0.274, -0.261],
    [0.784, -0.470, -0.424],
    [0.778, -0.359, 0.038],
    [0.789, 0.073, -0.179],
    [0.875, 0.450, 0.054],
    [0.759, 0.195, 0.006],
    [0.666, -0.158, 0.247],

    [0.780, 0.387, 0.078],
    [0.789, 0.135, -0.167],
    [0.768, -0.518, -0.034],
    [0.813, -0.020, -0.358],
    [0.794, 0.166, -0.184],
    [0.831, 0.103, -0.249],
    [0.723, -0.491, 0.140],
    [0.797, 0.082, -0.206],
    [0.632, -0.179, 0.179],
    [0.799,-0.383, 0.103],

