    [0.851, -0.016, -0.310],
    [0.936, -0.333, -0.241],
    [0.848, -0.127, 0.203],
    [1.013, 0.619, 0.540],
    [0.989, 0.434, 0.527],
    [0.960, -0.268, 0.140],
    [0.849, -0.218, -0.317],
    [0.953, -0.623, -0.054],
    [1.064, 0.606, -0.266],
    [0.926, 0.122, -0.005],

    [0.958, 0.462, 0.568],
    [1.007, 0.657, 0.509],
    [0.976, -0.598, -0.048],
    [0.947, 0.058, -0.117],
    [0.983, 0.279, -0.230],
    [1.096, 0.357, 0.641],
    [0.960, -0.665, -0.129],
    [0.964, -0.677, -0.008],
    [0.875, -0.083, -0.014],
    [1.016, 0.634, 0.466],


    [0.960, 0.092, -0.101],
    [1.131, 0.228, -0.323],
    [0.955, -0.520, -0.529],
    [0.850, -0.063, -0.318],
    [0.970, 0.695, 0.493],
    [0.945, -0.342, -0.497],
    [0.992, 0.660, 0.537],
    [0.959, -0.691, -0.067],
    [1.018, 0.708, 0.372],
    [1.038, 0.513, -0.217],


    [1.017, -0.407, -0.556],
    [0.988, 0.543, 0.591],
    [1.210, 0.320, 0.643],
    [0.955, 0.260, -0.065],
    [0.871, 0.013, -0.128],
    [1.028, 0.588, 0.405],
    [1.161, 0.727, 0.466],
    [0.987, 0.596, 0.028],
    [1.043, 0.570, 0.510],
    [1.212, 0.358, 0.613],


    [0.988, 0.698, 0.463],
    [1.132, 0.468, -0.412],
    [1.013, 0.692, 0.425],
    [0.859, -0.331, -0.123],
    [1.174, 0.765, 0.426],
    [1.021, 0.579, 0.473],
    [0.993, 0.640, 0.556],
    [0.957, -0.352, -0.349],
    [1.292, 0.664, -0.330],
    [0.914, 0.032, -0.500],

    [0.956, -0.309, -0.506],
    [0.963, -0.541, 0.017],
    [0.921, -0.018, -0.495],
    [1.221, 0.790, 0.396],
    [0.842, -0.045, -0.075],
    [1.176, 0.483, 0.546],
    [0.892, 0.046, -0.040],
    [1.012, 0.251, -0.300],
    [0.866, -0.094, 0.027],
    [1.104, 0.113, 0.647],

    [1.033, 0.432, 0.588],
    [1.015, 0.437, 0.588],
    [1.068, 0.540, 0.476],
    [0.957, 0.121, 0.032],
    [0.912, -0.048, -0.451],
    [1.011, 0.556, -0.157],
    [0.940, 0.188, 0.034],
    [0.939, -0.365, -0.388],
    [0.856, 0.039, 0.011],
    [0.868, -0.023, -0.120],

    [0.849, -0.179, -0.382],
    [1.011, 0.219, -0.375],
    [0.957, 0.299, -0.139],
    [1.044, 0.549, 0.481],
    [0.870, -0.001, -0.443],
    [0.984, 0.177, -0.486],
    [0.854, -0.016, -0.072],
    [0.957, -0.581, -0.116],
    [0.960, -0.712, -0.007],
    [1.024, 0.607, 0.573],

    [0.891, -0.122, 0.037],
    [1.093, 0.785, -0.138],
    [0.892, 0.022, -0.439],
    [0.890, -0.141, -0.460],
    [0.909, -0.254, -0.465],
    [1.252, 0.806, -0.326],
    [1.017, 0.593, -0.147],
    [0.984, -0.575, -0.061],
    [0.846, -0.381, -0.313],
    [0.968, -0.524, -0.105],

    [1.015, 0.447, -0.210],
    [0.958, -0.320, -0.392],
    [0.889, -0.059, 0.025],
    [0.985, -0.380, -0.473],
    [0.988, -0.522, 0.025],
    [0.950, 0.331, -0.136],
    [0.990, 0.386, -0.198],
    [0.879, -0.077, -0.104],
    [0.998, 0.409, -0.276],
    [0.888, 0.149, 0.206],

    [0.882, 0.025, 0.048],
    [0.833, -0.057, -0.378],
