[-0.016, 0.851, -0.310],
[-0.333, 0.936, -0.241],
[-0.127, 0.848, 0.203],
[0.619, 1.013, 0.540],
[0.434, 0.989, 0.527],
[-0.268, 0.960, 0.140],
[-0.218, 0.849, -0.317],
[-0.623, 0.953, -0.054],
[0.606, 1.064, -0.266],
[0.122, 0.926, -0.005],
[0.462, 0.958, 0.568],
[0.657, 1.007, 0.509],
[-0.598, 0.976, -0.048],
[0.058, 0.947, -0.117],
[0.279, 0.983, -0.230],
[0.357, 1.096, 0.641],
[-0.665, 0.960, -0.129],
[-0.677, 0.964, -0.008],
[-0.083, 0.875, -0.014],
[0.634, 1.016, 0.466],
[0.092, 0.960, -0.101],
[0.228, 1.131, -0.323],
[-0.520, 0.955, -0.529],
[-0.063, 0.850, -0.318],
[0.695, 0.970, 0.493],
[-0.342, 0.945, -0.497],
[0.660, 0.992, 0.537],
[-0.691, 0.959, -0.067],
[0.708, 1.018, 0.372],
[0.513, 1.038, -0.217],
[-0.407, 1.017, -0.556],
[0.543, 0.988, 0.591],
[0.320, 1.150, 0.643],
[0.260, 0.955, -0.065],
[0.013, 0.871, -0.128],
[0.588, 1.028, 0.405],
[0.727, 1.161, 0.466],
[0.596, 0.987, 0.028],
[0.570, 1.043, 0.510],
[0.358, 1.112, 0.613],
[0.698, 0.988, 0.463],
[0.468, 1.132, -0.412],
[0.692, 1.013, 0.425],
[-0.331, 0.859, -0.123],
[0.765, 1.174, 0.426],
[0.579, 1.021, 0.473],
[0.640, 0.993, 0.556],
[-0.352, 0.957, -0.349],
[0.664, 1.192, -0.330],
[0.032, 0.914, -0.500],
[-0.309, 0.956, -0.506],
[-0.541, 0.963, 0.017],
[-0.018, 0.921, -0.495],
[0.790, 1.221, 0.396],
[-0.045, 0.842, -0.075],
[0.483, 1.176, 0.546],
[0.046, 0.892, -0.040],
[0.251, 1.012, -0.300],
[-0.094, 0.866, 0.027],
[0.113, 1.104, 0.647],
[0.432, 1.033, 0.588],
[0.437, 1.015, 0.588],
[0.540, 1.068, 0.476],
[0.121, 0.957, 0.032],
[-0.048, 0.912, -0.451],
[0.556, 1.011, -0.157],
[0.188, 0.940, 0.034],
[-0.365, 0.939, -0.388],
[0.039, 0.856, 0.011],
[-0.023, 0.868, -0.120],
[-0.179, 0.849, -0.382],
[0.219, 1.011, -0.375],
[0.299, 0.957, -0.139],
[0.549, 1.044, 0.481],
[-0.001, 0.870, -0.443],
[0.177, 0.984, -0.486],
[-0.016, 0.854, -0.072],
[-0.581, 0.957, -0.116],
[-0.712, 0.960, -0.007],
[0.607, 1.024, 0.573],
[-0.122, 0.891, 0.037],
[0.785, 1.093, -0.138],
[0.022, 0.892, -0.439],
[-0.141, 0.8900, -0.46],
[-0.254, 0.909, -0.465],
[0.806, 1.252, -0.326],
[0.593, 1.017, -0.147],
[-0.575, 0.984, -0.061],
[-0.381, 0.846, -0.313],
[-0.524, 0.968, -0.105],
[0.447, 1.015, -0.210],
[-0.320, 0.958, -0.392],
[-0.059, 0.889, 0.025],
[-0.380, 0.985, -0.473],
[-0.522, 0.988, 0.025],
[0.331, 0.950, -0.136],
[0.386, 0.990, -0.198],
[-0.077, 0.879, -0.104],
[0.409, 0.998, -0.276],
[0.149, 0.888, 0.206],
[0.690, 1.000, -0.581],
[0.025, 0.882, 0.048],
[-0.057, 0.833, -0.378],
[-0.408,0.926,-0.728],
[-0.149,0.932,-0.757],
[-0.351,0.903,-0.779],
[-0.223,0.915,-0.699],
[-0.346,0.919,-0.608],
